A3 A2 A1 A0 B3 B2 B1 B0 | Overflow | Expected Overflow  | Sum3 Sum2 Sum1 Sum0 | Sum Should Be | Carry Out | Expected Carry Out
0  0  0  0  0  0  0  0  | 0        | 0                  | 0    0    0    0    |      0000     |     0     | 0 
1  1  1  1  1  1  1  1  | 0        | 0                  | 1    1    1    0    |      1110     |     1     | 1 
0  0  1  1  0  0  1  1  | 0        | 0                  | 0    1    1    0    |      0110     |     0     | 0 
1  1  0  0  1  1  0  0  | 0        | 0                  | 1    0    0    0    |      1000     |     1     | 1 
0  0  0  1  0  1  0  0  | 0        | 0                  | 0    1    0    1    |      0101     |     0     | 0 
0  1  0  1  1  0  1  0  | 0        | 0                  | 1    1    1    1    |      1111     |     0     | 0 
0  1  0  1  0  1  0  1  | 1        | 1                  | 1    0    1    0    |      1010     |     0     | 0 
1  1  0  1  0  0  1  1  | 0        | 0                  | 0    0    0    0    |      0000     |     1     | 1 
1  0  1  0  1  1  0  1  | 1        | 1                  | 0    1    1    1    |      0111     |     1     | 1 
1  0  1  0  1  1  0  0  | 1        | 1                  | 0    1    1    0    |      0110     |     1     | 1 
0  1  0  0  1  1  0  1  | 0        | 0                  | 0    0    0    1    |      0001     |     1     | 1 
1  0  0  1  0  1  1  0  | 0        | 0                  | 1    1    1    1    |      1111     |     0     | 0 
1  1  0  1  0  1  1  1  | 0        | 0                  | 0    1    0    0    |      0100     |     1     | 1 
0  1  1  1  1  0  0  1  | 0        | 0                  | 0    0    0    0    |      0000     |     1     | 1 
0  0  0  1  1  1  1  1  | 0        | 0                  | 0    0    0    0    |      0000     |     1     | 1 
1  0  1  1  1  1  0  1  | 0        | 0                  | 1    0    0    0    |      1000     |     1     | 1 

